# oST version 5.0 parameters


[image]

width
640

height
480

[narrow_stereo]

camera matrix
638.433158 0.000000 332.586432
0.000000 639.580011 248.493045
0.000000 0.000000 1.000000

distortion
0.039954 -0.097504 -0.006881 0.011137 0.000000

rectification
1.000000 0.000000 0.000000
0.000000 1.000000 0.000000
0.000000 0.000000 1.000000

projection
641.852528 0.000000 338.734378 0.000000
0.000000 648.013742 245.897122 0.000000
0.000000 0.000000 1.000000 0.000000

