# oST version 5.0 parameters


[image]

width
640

height
480

[narrow_stereo]

camera matrix
416.325380 0.000000 316.931237
0.000000 421.930054 246.635248
0.000000 0.000000 1.000000

distortion
-0.298121 0.074927 0.000367 0.009146 0.000000

rectification
1.000000 0.000000 0.000000
0.000000 1.000000 0.000000
0.000000 0.000000 1.000000

projection
324.207123 0.000000 331.778596 0.000000
0.000000 374.987274 248.191956 0.000000
0.000000 0.000000 1.000000 0.000000

