image_width: 640
image_height: 480
camera_name: camera
camera_matrix:
  rows: 3
  cols: 3
  data: [577.342746, 0, 318.850211, 0, 581.499986, 232.537614, 0, 0, 1]
distortion_model: plumb_bob
distortion_coefficients:
  rows: 1
  cols: 5
  data: [-0.0177, -0.16135, -0.003725, 0.003498, 0]
rectification_matrix:
  rows: 3
  cols: 3
  data: [1, 0, 0, 0, 1, 0, 0, 0, 1]
projection_matrix:
  rows: 3
  cols: 4
  data: [564.398957, 0, 320.903709, 0, 0, 576.7095409999999, 231.206704, 0, 0, 0, 1, 0]