image_width: 640
image_height: 480
camera_name: narrow_stereo
camera_matrix:
  rows: 3
  cols: 3
  data: [577.342746, 0.000000, 318.850211, 0.000000, 581.499986, 232.537614, 0.000000, 0.000000, 1.000000]
distortion_model: plumb_bob
distortion_coefficients:
  rows: 1
  cols: 5
  data: [-0.017700, -0.161350, -0.003725, 0.003498, 0.000000]
rectification_matrix:
  rows: 3
  cols: 3
  data: [1.000000, 0.000000, 0.000000, 0.000000, 1.000000, 0.000000, 0.000000, 0.000000, 1.000000]
projection_matrix:
  rows: 3
  cols: 4
  data: [564.398957, 0.000000, 320.903709, 0.000000, 0.000000, 576.709541, 231.206704, 0.000000, 0.000000, 0.000000, 1.000000, 0.000000]
