image_width: 640
image_height: 480
camera_name: camera
camera_matrix:
  rows: 3
  cols: 3
  data: [638.433158, 0, 332.586432, 0, 639.580011, 248.493045, 0, 0, 1]
distortion_model: plumb_bob
distortion_coefficients:
  rows: 1
  cols: 5
  data: [0.039954, -0.09750399999999999, -0.006881, 0.011137, 0]
rectification_matrix:
  rows: 3
  cols: 3
  data: [1, 0, 0, 0, 1, 0, 0, 0, 1]
projection_matrix:
  rows: 3
  cols: 4
  data: [641.852528, 0, 338.734378, 0, 0, 648.013742, 245.897122, 0, 0, 0, 1, 0]