# oST version 5.0 parameters


[image]

width
640

height
480

[narrow_stereo]

camera matrix
577.342746 0.000000 318.850211
0.000000 581.499986 232.537614
0.000000 0.000000 1.000000

distortion
-0.017700 -0.161350 -0.003725 0.003498 0.000000

rectification
1.000000 0.000000 0.000000
0.000000 1.000000 0.000000
0.000000 0.000000 1.000000

projection
564.398957 0.000000 320.903709 0.000000
0.000000 576.709541 231.206704 0.000000
0.000000 0.000000 1.000000 0.000000

