# oST version 5.0 parameters


[image]

width
640

height
480

[narrow_stereo]

camera matrix
505.844573 0.000000 300.088078
0.000000 520.071999 272.405645
0.000000 0.000000 1.000000

distortion
-0.295545 0.071265 -0.005273 0.004108 0.000000

rectification
1.000000 0.000000 0.000000
0.000000 1.000000 0.000000
0.000000 0.000000 1.000000

projection
434.824982 0.000000 296.822505 0.000000
0.000000 482.664581 274.570671 0.000000
0.000000 0.000000 1.000000 0.000000

